# relative_time, cycles_done, cur_item, corpus_count, pending_total, pending_favs, map_size, saved_crashes, saved_hangs, max_depth, execs_per_sec, total_execs, edges_found
61, 1013, 0, 1, 0, 0, 15.38%, 0, 0, 1, 5050.19, 304013, 2
66, 1100, 0, 1, 0, 0, 15.38%, 0, 0, 1, 5128.23, 330313, 2
71, 1186, 0, 1, 0, 0, 15.38%, 0, 0, 1, 5105.59, 356013, 2
76, 1273, 0, 1, 0, 0, 15.38%, 0, 0, 1, 5096.56, 382013, 2
81, 1358, 0, 1, 0, 0, 15.38%, 0, 0, 1, 5078.32, 407713, 2
86, 1445, 0, 1, 0, 0, 15.38%, 0, 0, 1, 5132.17, 433713, 2
91, 1531, 0, 1, 0, 0, 15.38%, 0, 0, 1, 5113.57, 459413, 2
96, 1618, 0, 1, 0, 0, 15.38%, 0, 0, 1, 5171.75, 485513, 2
101, 1704, 0, 1, 0, 0, 15.38%, 0, 0, 1, 5106.31, 511313, 2
106, 1789, 0, 1, 0, 0, 15.38%, 0, 0, 1, 5089.49, 536913, 2
111, 1875, 0, 1, 0, 0, 15.38%, 0, 0, 1, 5066.56, 562813, 2
116, 1963, 0, 1, 0, 0, 15.38%, 0, 0, 1, 5126.81, 589113, 2
122, 2051, 0, 1, 0, 0, 15.38%, 0, 0, 1, 5122.40, 615413, 2
127, 2140, 0, 1, 0, 0, 15.38%, 0, 0, 1, 5216.61, 642113, 2
132, 2226, 0, 1, 0, 0, 15.38%, 0, 0, 1, 5117.52, 668013, 2
137, 2313, 0, 1, 0, 0, 15.38%, 0, 0, 1, 5135.39, 694213, 2
142, 2400, 0, 1, 0, 0, 15.38%, 0, 0, 1, 5037.65, 720313, 2
147, 2486, 0, 1, 0, 0, 15.38%, 0, 0, 1, 5051.11, 745913, 2
152, 2573, 0, 1, 0, 0, 15.38%, 0, 0, 1, 5142.15, 772213, 2
157, 2661, 0, 1, 0, 0, 15.38%, 0, 0, 1, 5126.34, 798413, 2
162, 2748, 0, 1, 0, 0, 15.38%, 0, 0, 1, 5125.41, 824513, 2
168, 2835, 0, 1, 0, 0, 15.38%, 0, 0, 1, 5107.50, 850613, 2
173, 2920, 0, 1, 0, 0, 15.38%, 0, 0, 1, 5052.38, 876213, 2
178, 3007, 0, 1, 0, 0, 15.38%, 0, 0, 1, 5105.25, 902313, 2
183, 3093, 0, 1, 0, 0, 15.38%, 0, 0, 1, 5087.42, 928213, 2
188, 3181, 0, 1, 0, 0, 15.38%, 0, 0, 1, 5045.96, 954513, 2
193, 3266, 0, 1, 0, 0, 15.38%, 0, 0, 1, 5044.28, 980013, 2
198, 3351, 0, 1, 0, 0, 15.38%, 0, 0, 1, 5061.77, 1005513, 2
203, 3437, 0, 1, 0, 0, 15.38%, 0, 0, 1, 5061.28, 1031413, 2
208, 3524, 0, 1, 0, 0, 15.38%, 0, 0, 1, 5093.04, 1057413, 2
213, 3611, 0, 1, 0, 0, 15.38%, 0, 0, 1, 5089.71, 1083613, 2
218, 3696, 0, 1, 0, 0, 15.38%, 0, 0, 1, 5044.98, 1109013, 2
221, 3747, 0, 1, 0, 0, 15.38%, 0, 0, 1, 4960.87, 1124149, 2
